0.000000000000000000e+00
5.877852522924731371e-01
9.510565162951535312e-01
9.510565162951535312e-01
5.877852522924732481e-01
1.224646799147353207e-16
-5.877852522924733591e-01
-9.510565162951535312e-01
-9.510565162951536422e-01
-5.877852522924733591e-01
-2.449293598294706414e-16
5.877852522924735812e-01
9.510565162951537532e-01
9.510565162951536422e-01
5.877852522924733591e-01
3.673940397442059375e-16
-5.877852522924728040e-01
-9.510565162951539753e-01
-9.510565162951537532e-01
-5.877852522924734702e-01
-4.898587196589412829e-16
5.877852522924726930e-01
9.510565162951539753e-01
9.510565162951531981e-01
5.877852522924721379e-01
6.123233995736766282e-16
-5.877852522924725820e-01
-9.510565162951534202e-01
-9.510565162951537532e-01
-5.877852522924708056e-01
-7.347880794884118750e-16
5.877852522924724710e-01
9.510565162951533091e-01
9.510565162951538642e-01
5.877852522924709167e-01
8.572527594031472204e-16
-5.877852522924724710e-01
-9.510565162951533091e-01
-9.510565162951538642e-01
-5.877852522924710277e-01
-9.797174393178825657e-16
5.877852522924751355e-01
9.510565162951533091e-01
9.510565162951538642e-01
5.877852522924711387e-01
1.102182119232617911e-15
-5.877852522924751355e-01
-9.510565162951531981e-01
-9.510565162951528650e-01
-5.877852522924712497e-01
-1.224646799147353256e-15
5.877852522924750245e-01
9.510565162951531981e-01
9.510565162951528650e-01
5.877852522924742473e-01
4.899825157862589137e-15
-5.877852522924720269e-01
-9.510565162951541973e-01
-9.510565162951518658e-01
-5.877852522924714718e-01
-1.469576158976823750e-15
5.877852522924748024e-01
9.510565162951530871e-01
9.510565162951529761e-01
5.877852522924743583e-01
-1.960672839908941637e-15
-5.877852522924718048e-01
-9.510565162951541973e-01
-9.510565162951518658e-01
-5.877852522924715828e-01
-1.714505518806294441e-15
5.877852522924745804e-01
9.510565162951529761e-01
9.510565162951529761e-01
5.877852522924745804e-01
5.389683877521530518e-15
-5.877852522924715828e-01
-9.510565162951540863e-01
-9.510565162951519769e-01
-5.877852522924718048e-01
-1.959434878635765131e-15
5.877852522924686962e-01
9.510565162951551965e-01
9.510565162951530871e-01
5.877852522924748024e-01
-1.470814120250000453e-15
-5.877852522924714718e-01
-9.510565162951539753e-01
-9.510565162951520879e-01
-5.877852522924720269e-01
-2.204364238465235822e-15
5.877852522924684742e-01
9.510565162951550855e-01
9.510565162951531981e-01
5.877852522924750245e-01
5.879542597180471900e-15
-5.877852522924770229e-01
-9.510565162951539753e-01
-9.510565162951520879e-01
-5.877852522924722489e-01
-2.449293598294706513e-15
5.877852522924797984e-01
