1.000000000000000000e+00
1.396802246667420588e+00
1.260073510670101093e+00
6.420395219202059689e-01
-2.212317420824740921e-01
-9.999999999999998890e-01
-1.396802246667420588e+00
-1.260073510670101093e+00
-6.420395219202064130e-01
2.212317420824739811e-01
9.999999999999997780e-01
1.396802246667420588e+00
1.260073510670100649e+00
6.420395219202065240e-01
-2.212317420824738701e-01
-9.999999999999996669e-01
-1.396802246667420366e+00
-1.260073510670100205e+00
-6.420395219202067461e-01
2.212317420824736480e-01
9.999999999999995559e-01
1.396802246667420366e+00
1.260073510670100205e+00
6.420395219202046366e-01
-2.212317420824759795e-01
-9.999999999999993339e-01
-1.396802246667420366e+00
-1.260073510670101538e+00
-6.420395219202069681e-01
2.212317420824783110e-01
9.999999999999992228e-01
1.396802246667420366e+00
1.260073510670101538e+00
6.420395219202071901e-01
-2.212317420824780889e-01
-9.999999999999991118e-01
-1.396802246667420366e+00
-1.260073510670101538e+00
-6.420395219202073012e-01
2.212317420824779779e-01
9.999999999999990008e-01
1.396802246667421032e+00
1.260073510670101760e+00
6.420395219202075232e-01
-2.212317420824777559e-01
-9.999999999999988898e-01
-1.396802246667421255e+00
-1.260073510670101760e+00
-6.420395219202031933e-01
2.212317420824775338e-01
9.999999999999987788e-01
1.396802246667421255e+00
1.260073510670101760e+00
6.420395219202033044e-01
-2.212317420824724268e-01
-9.999999999999951150e-01
-1.396802246667420366e+00
-1.260073510670099539e+00
-6.420395219201990855e-01
2.212317420824772007e-01
9.999999999999985567e-01
1.396802246667421032e+00
1.260073510670101982e+00
6.420395219202036374e-01
-2.212317420824720937e-01
-1.000000000000001998e+00
-1.396802246667420144e+00
-1.260073510670099761e+00
-6.420395219201993076e-01
2.212317420824769787e-01
9.999999999999983347e-01
1.396802246667420810e+00
1.260073510670101982e+00
6.420395219202038595e-01
-2.212317420824717606e-01
-9.999999999999945599e-01
-1.396802246667420144e+00
-1.260073510670099983e+00
-6.420395219201995296e-01
2.212317420824765346e-01
9.999999999999980016e-01
1.396802246667419478e+00
1.260073510670097763e+00
6.420395219202041925e-01
-2.212317420824714276e-01
-1.000000000000001554e+00
-1.396802246667420144e+00
-1.260073510670099983e+00
-6.420395219201999737e-01
2.212317420824762015e-01
9.999999999999977796e-01
1.396802246667419256e+00
1.260073510670097985e+00
6.420395219202046366e-01
-2.212317420824710945e-01
-9.999999999999941158e-01
-1.396802246667421699e+00
-1.260073510670100205e+00
-6.420395219202001957e-01
2.212317420824758685e-01
9.999999999999975575e-01
1.396802246667422365e+00
1.260073510670097985e+00
6.420395219201959769e-01
-2.212317420824707614e-01
-1.000000000000000888e+00
-1.396802246667421699e+00
-1.260073510670095764e+00
-6.420395219202095216e-01
2.212317420824755354e-01
9.999999999999902300e-01
1.396802246667422365e+00
1.260073510670102870e+00
6.420395219202050807e-01
-2.212317420824804204e-01
-9.999999999999936717e-01
-1.396802246667423031e+00
-1.260073510670100649e+00
-6.420395219202008619e-01
2.212317420824653214e-01
9.999999999999971134e-01
1.396802246667420810e+00
1.260073510670098429e+00
6.420395219201965320e-01
-2.212317420824700953e-01
-1.000000000000000444e+00
-1.396802246667421255e+00
-1.260073510670096208e+00
-6.420395219202100767e-01
2.212317420824748693e-01
1.000000000000003997e+00
1.396802246667422143e+00
1.260073510670103092e+00
6.420395219202057469e-01
-2.212317420824796432e-01
-9.999999999999931166e-01
-1.396802246667423031e+00
-1.260073510670100871e+00
-6.420395219202015280e-01
2.212317420824645442e-01
9.999999999999965583e-01
1.396802246667420588e+00
1.260073510670098651e+00
6.420395219201970871e-01
-2.212317420824693182e-01
-1.000000000000000000e+00
-1.396802246667421255e+00
-1.260073510670096431e+00
-6.420395219202106318e-01
2.212317420824740921e-01
9.999999999999892308e-01
1.396802246667422143e+00
1.260073510670103314e+00
6.420395219202064130e-01
-2.212317420824788661e-01
-9.999999999999926725e-01
-1.396802246667423031e+00
-1.260073510670101316e+00
-6.420395219202019721e-01
2.212317420824638781e-01
9.999999999999961142e-01
1.396802246667420366e+00
1.260073510670108199e+00
6.420395219201977532e-01
-2.212317420824885250e-01
-9.999999999999995559e-01
-1.396802246667421255e+00
-1.260073510670105978e+00
-6.420395219202112980e-01
2.212317420824932990e-01
1.000000000000002887e+00
1.396802246667422143e+00
1.260073510670103758e+00
6.420395219202069681e-01
-2.212317420824783110e-01
-9.999999999999921174e-01
-1.396802246667422587e+00
-1.260073510670110641e+00
-6.420395219202026382e-01
2.212317420824830849e-01
9.999999999999955591e-01
1.396802246667420366e+00
1.260073510670108421e+00
6.420395219201984194e-01
-2.212317420824878589e-01
-9.999999999999990008e-01
-1.396802246667421255e+00
-1.260073510670106200e+00
-6.420395219202119641e-01
2.212317420824926328e-01
9.999999999999882316e-01
1.396802246667421921e+00
1.260073510670094876e+00
6.420395219202077453e-01
-2.212317420824775338e-01
-9.999999999999916733e-01
-1.396802246667422587e+00
-1.260073510670092656e+00
-6.420395219202033044e-01
2.212317420824823078e-01
9.999999999999951150e-01
1.396802246667420366e+00
1.260073510670090435e+00
6.420395219201990855e-01
-2.212317420824871927e-01
-9.999999999999843459e-01
-1.396802246667424141e+00
-1.260073510670088215e+00
-6.420395219202126302e-01
2.212317420824720937e-01
1.000000000000001998e+00
1.396802246667421699e+00
1.260073510670095098e+00
6.420395219201903148e-01
-2.212317420824967407e-01
-9.999999999999912292e-01
-1.396802246667419478e+00
-1.260073510670083996e+00
-6.420395219202038595e-01
2.212317420824817527e-01
9.999999999999803491e-01
1.396802246667423253e+00
1.260073510670090879e+00
6.420395219202175152e-01
-2.212317420824666536e-01
-9.999999999999980016e-01
-1.396802246667420810e+00
-1.260073510670097763e+00
-6.420395219201953108e-01
2.212317420824913006e-01
9.999999999999872324e-01
1.396802246667418590e+00
1.260073510670086439e+00
6.420395219202088555e-01
-2.212317420824762015e-01
-1.000000000000004885e+00
-1.396802246667422365e+00
-1.260073510670093322e+00
-6.420395219202224002e-01
2.212317420825008485e-01
9.999999999999941158e-01
1.396802246667419922e+00
1.260073510670100205e+00
6.420395219202001957e-01
-2.212317420824857495e-01
-9.999999999999833467e-01
-1.396802246667423919e+00
-1.260073510670088881e+00
-6.420395219202137405e-01
2.212317420824707614e-01
1.000000000000000888e+00
1.396802246667421699e+00
1.260073510670095764e+00
6.420395219201915360e-01
-2.212317420824954084e-01
-9.999999999999902300e-01
-1.396802246667419034e+00
-1.260073510670084662e+00
-6.420395219202050807e-01
2.212317420824804204e-01
1.000000000000007772e+00
1.396802246667423031e+00
1.260073510670091324e+00
6.420395219202187365e-01
-2.212317420824653214e-01
-9.999999999999971134e-01
-1.396802246667420810e+00
-1.260073510670098429e+00
-6.420395219201964210e-01
2.212317420824899683e-01
9.999999999999862332e-01
1.396802246667418368e+00
1.260073510670087105e+00
6.420395219202100767e-01
-2.212317420824748693e-01
-1.000000000000003997e+00
-1.396802246667422143e+00
-1.260073510670093988e+00
-6.420395219202237325e-01
2.212317420824994052e-01
9.999999999999931166e-01
1.396802246667419922e+00
1.260073510670100871e+00
6.420395219202015280e-01
-2.212317420824844172e-01
-9.999999999999823475e-01
-1.396802246667423697e+00
-1.260073510670089547e+00
-6.420395219202150727e-01
2.212317420824693182e-01
1.000000000000000000e+00
1.396802246667421255e+00
1.260073510670096431e+00
6.420395219201928683e-01
-2.212317420824939651e-01
-9.999999999999892308e-01
-1.396802246667419034e+00
-1.260073510670085106e+00
-6.420395219202064130e-01
2.212317420824788661e-01
9.999999999999784617e-01
1.396802246667423031e+00
1.260073510670091990e+00
6.420395219202199577e-01
-2.212317420824638781e-01
-9.999999999999961142e-01
-1.396802246667420366e+00
-1.260073510670098873e+00
-6.420395219201977532e-01
2.212317420824885250e-01
9.999999999999853451e-01
1.396802246667418146e+00
1.260073510670087549e+00
6.420395219202112980e-01
-2.212317420824735370e-01
-1.000000000000002887e+00
-1.396802246667421921e+00
-1.260073510670094432e+00
-6.420395219202249537e-01
2.212317420824980729e-01
9.999999999999921174e-01
1.396802246667419700e+00
1.260073510670101538e+00
6.420395219201668890e-01
-2.212317420824434500e-01
-9.999999999999813483e-01
-1.396802246667423475e+00
-1.260073510670090213e+00
-6.420395219201804338e-01
2.212317420824679859e-01
9.999999999999990008e-01
1.396802246667421255e+00
1.260073510670097097e+00
6.420395219201940895e-01
-2.212317420824529979e-01
-9.999999999999882316e-01
-1.396802246667418590e+00
-1.260073510670085772e+00
-6.420395219201718850e-01
2.212317420824378988e-01
1.000000000000005773e+00
1.396802246667422587e+00
1.260073510670092656e+00
6.420395219201854298e-01
-2.212317420824625458e-01
-9.999999999999951150e-01
-1.396802246667420366e+00
-1.260073510670099539e+00
-6.420395219201990855e-01
2.212317420824474468e-01
9.999999999999843459e-01
1.396802246667417702e+00
1.260073510670088215e+00
6.420395219201766590e-01
-2.212317420824324588e-01
-1.000000000000001998e+00
-1.396802246667421699e+00
-1.260073510670095098e+00
-6.420395219201903148e-01
2.212317420824569947e-01
9.999999999999912292e-01
1.396802246667419478e+00
1.260073510670101982e+00
6.420395219201679993e-01
-2.212317420824420067e-01
-9.999999999999803491e-01
-1.396802246667423253e+00
-1.260073510670090879e+00
-6.420395219201816550e-01
2.212317420824666536e-01
9.999999999999980016e-01
1.396802246667420810e+00
1.260073510670097763e+00
6.420395219201953108e-01
-2.212317420824516656e-01
-9.999999999999872324e-01
-1.396802246667418590e+00
-1.260073510670086439e+00
-6.420395219201729953e-01
2.212317420824365666e-01
9.999999999999764633e-01
1.396802246667422365e+00
1.260073510670093322e+00
6.420395219201866510e-01
-2.212317420825008485e-01
-9.999999999999941158e-01
-1.396802246667419922e+00
-1.260073510670100205e+00
-6.420395219202001957e-01
2.212317420825254954e-01
9.999999999999833467e-01
1.396802246667417702e+00
1.260073510670088881e+00
6.420395219201779913e-01
-2.212317420825105074e-01
-1.000000000000000888e+00
-1.396802246667421699e+00
-1.260073510670095764e+00
-6.420395219201915360e-01
2.212317420824954084e-01
9.999999999999902300e-01
1.396802246667419034e+00
1.260073510670102870e+00
6.420395219201693315e-01
-2.212317420825200553e-01
-9.999999999999794609e-01
-1.396802246667423031e+00
-1.260073510670091324e+00
-6.420395219201828763e-01
2.212317420825445913e-01
9.999999999999686917e-01
1.396802246667420810e+00
1.260073510670080221e+00
6.420395219201964210e-01
-2.212317420825296033e-01
-1.000000000000014655e+00
-1.396802246667418368e+00
-1.260073510670087105e+00
-6.420395219202100767e-01
2.212317420825145042e-01
1.000000000000003997e+00
1.396802246667415925e+00
1.260073510670093988e+00
6.420395219201520121e-01
-2.212317420824995162e-01
-9.999999999999931166e-01
-1.396802246667426139e+00
-1.260073510670100871e+00
-6.420395219201656678e-01
2.212317420824844172e-01
9.999999999999823475e-01
1.396802246667423697e+00
1.260073510670107755e+00
6.420395219201792125e-01
-2.212317420825488101e-01
-9.999999999999715783e-01
-1.396802246667421255e+00
-1.260073510670078223e+00
-6.420395219201928683e-01
2.212317420825337111e-01
9.999999999999608091e-01
1.396802246667419034e+00
1.260073510670085106e+00
6.420395219202064130e-01
-2.212317420825186121e-01
-1.000000000000006883e+00
-1.396802246667416592e+00
-1.260073510670091990e+00
-6.420395219202199577e-01
2.212317420825036240e-01
9.999999999999961142e-01
1.396802246667414149e+00
1.260073510670098873e+00
6.420395219201620041e-01
-2.212317420824885250e-01
-9.999999999999853451e-01
-1.396802246667424363e+00
-1.260073510670105978e+00
-6.420395219201755488e-01
2.212317420824735370e-01
9.999999999999745759e-01
1.396802246667421921e+00
1.260073510670112862e+00
6.420395219201890935e-01
-2.212317420825378189e-01
-9.999999999999636957e-01
-1.396802246667419700e+00
-1.260073510670083330e+00
-6.420395219202026382e-01
2.212317420825227199e-01
1.000000000000009770e+00
1.396802246667417258e+00
1.260073510670090213e+00
6.420395219202162940e-01
-2.212317420825076209e-01
-9.999999999999990008e-01
-1.396802246667414815e+00
-1.260073510670097097e+00
-6.420395219201582293e-01
2.212317420824926328e-01
9.999999999999882316e-01
1.396802246667425029e+00
1.260073510670103980e+00
6.420395219201718850e-01
-2.212317420824775338e-01
-9.999999999999774625e-01
-1.396802246667422587e+00
-1.260073510670110863e+00
-6.420395219201854298e-01
2.212317420825419267e-01
9.999999999999666933e-01
1.396802246667420366e+00
1.260073510670081331e+00
6.420395219201990855e-01
-2.212317420825268277e-01
-1.000000000000012657e+00
-1.396802246667417702e+00
-1.260073510670088215e+00
-6.420395219202126302e-01
2.212317420825118397e-01
1.000000000000001998e+00
1.396802246667415481e+00
1.260073510670095098e+00
6.420395219201544545e-01
-2.212317420824967407e-01
-9.999999999999912292e-01
-1.396802246667425695e+00
-1.260073510670101982e+00
-6.420395219201679993e-01
2.212317420824817527e-01
9.999999999999803491e-01
1.396802246667423253e+00
1.260073510670109087e+00
6.420395219201816550e-01
-2.212317420825460346e-01
-9.999999999999695799e-01
-1.396802246667420810e+00
-1.260073510670079555e+00
-6.420395219201953108e-01
2.212317420825310466e-01
1.000000000000015765e+00
1.396802246667418590e+00
1.260073510670086439e+00
6.420395219202088555e-01
-2.212317420825159475e-01
-1.000000000000004885e+00
-1.396802246667416147e+00
-1.260073510670093322e+00
-6.420395219202224002e-01
2.212317420825008485e-01
9.999999999999941158e-01
1.396802246667413705e+00
1.260073510670100205e+00
6.420395219201644466e-01
-2.212317420824857495e-01
-9.999999999999833467e-01
-1.396802246667423919e+00
-1.260073510670107311e+00
-6.420395219201779913e-01
2.212317420824707614e-01
9.999999999999725775e-01
1.396802246667421699e+00
1.260073510670114194e+00
6.420395219201915360e-01
-2.212317420825350434e-01
-9.999999999999618083e-01
-1.396802246667419034e+00
-1.260073510670084662e+00
-6.420395219202050807e-01
2.212317420825200553e-01
1.000000000000007772e+00
1.396802246667416814e+00
1.260073510670091324e+00
6.420395219202187365e-01
-2.212317420825049563e-01
-9.999999999999971134e-01
-1.396802246667414371e+00
-1.260073510670098429e+00
-6.420395219201606718e-01
2.212317420824899683e-01
9.999999999999862332e-01
1.396802246667424585e+00
1.260073510670105312e+00
6.420395219201742165e-01
-2.212317420824748693e-01
-9.999999999999754641e-01
-1.396802246667422143e+00
-1.260073510670112196e+00
-6.420395219201878723e-01
2.212317420825392622e-01
9.999999999999646949e-01
1.396802246667419922e+00
1.260073510670082664e+00
6.420395219202015280e-01
-2.212317420825241632e-01
-1.000000000000010880e+00
-1.396802246667417258e+00
-1.260073510670089547e+00
-6.420395219202150727e-01
2.212317420825091752e-01
1.000000000000000000e+00
1.396802246667415037e+00
1.260073510670096431e+00
6.420395219201570081e-01
-2.212317420824939651e-01
-9.999999999999892308e-01
-1.396802246667425251e+00
-1.260073510670103314e+00
-6.420395219201706638e-01
2.212317420824788661e-01
9.999999999999784617e-01
1.396802246667423031e+00
1.260073510670110419e+00
6.420395219201842085e-01
-2.212317420825432590e-01
-9.999999999999676925e-01
-1.396802246667420366e+00
-1.260073510670080665e+00
-6.420395219201977532e-01
2.212317420825281600e-01
9.999999999999569233e-01
1.396802246667418146e+00
1.260073510670087549e+00
6.420395219202112980e-01
-2.212317420825131720e-01
-1.000000000000002887e+00
-1.396802246667415703e+00
-1.260073510670094432e+00
-6.420395219202249537e-01
2.212317420824980729e-01
9.999999999999921174e-01
1.396802246667413261e+00
1.260073510670101538e+00
6.420395219201668890e-01
-2.212317420824830849e-01
-9.999999999999813483e-01
-1.396802246667423475e+00
-1.260073510670108421e+00
-6.420395219201804338e-01
2.212317420824679859e-01
9.999999999999705791e-01
1.396802246667421255e+00
1.260073510670115304e+00
6.420395219201940895e-01
-2.212317420825323788e-01
-9.999999999999598099e-01
-1.396802246667418590e+00
-1.260073510670085772e+00
-6.420395219202077453e-01
2.212317420825172798e-01
1.000000000000005995e+00
1.396802246667416370e+00
1.260073510670092656e+00
6.420395219202212900e-01
-2.212317420825022918e-01
-9.999999999999951150e-01
-1.396802246667413927e+00
-1.260073510670099539e+00
-6.420395219201631143e-01
2.212317420824871927e-01
9.999999999999843459e-01
1.396802246667424363e+00
1.260073510670106423e+00
6.420395219202483794e-01
-2.212317420824720937e-01
-9.999999999999735767e-01
-1.396802246667434355e+00
-1.260073510670113528e+00
-6.420395219202619241e-01
2.212317420825363756e-01
9.999999999999628075e-01
1.396802246667431913e+00
1.260073510670083996e+00
6.420395219202755799e-01
-2.212317420825213876e-01
-1.000000000000008882e+00
-1.396802246667429692e+00
-1.260073510670090879e+00
-6.420395219202175152e-01
2.212317420825062886e-01
9.999999999999980016e-01
1.396802246667427250e+00
1.260073510670097763e+00
6.420395219202310599e-01
-2.212317420824913006e-01
-9.999999999999872324e-01
-1.396802246667424807e+00
-1.260073510670104646e+00
-6.420395219202446047e-01
2.212317420824762015e-01
9.999999999999764633e-01
1.396802246667435021e+00
1.260073510670111752e+00
6.420395219202581494e-01
-2.212317420825405945e-01
-9.999999999999656941e-01
-1.396802246667432579e+00
-1.260073510670081998e+00
-6.420395219202718051e-01
2.212317420825254954e-01
1.000000000000011768e+00
1.396802246667430136e+00
1.260073510670088881e+00
6.420395219202853498e-01
-2.212317420825105074e-01
-1.000000000000000888e+00
-1.396802246667427916e+00
-1.260073510670095764e+00
-6.420395219202272852e-01
2.212317420824954084e-01
9.999999999999902300e-01
1.396802246667425251e+00
1.260073510670102870e+00
6.420395219202409409e-01
-2.212317420824804204e-01
-9.999999999999794609e-01
-1.396802246667423031e+00
-1.260073510670109753e+00
-6.420395219202545967e-01
2.212317420824653214e-01
9.999999999999686917e-01
1.396802246667433245e+00
1.260073510670116637e+00
6.420395219202681414e-01
-2.212317420825296033e-01
-9.999999999999578115e-01
-1.396802246667431024e+00
-1.260073510670087105e+00
-6.420395219202816861e-01
2.212317420825145042e-01
1.000000000000003997e+00
1.396802246667428360e+00
1.260073510670093988e+00
6.420395219202237325e-01
-2.212317420824995162e-01
-9.999999999999931166e-01
-1.396802246667426139e+00
-1.260073510670100871e+00
-6.420395219202372772e-01
2.212317420824844172e-01
9.999999999999823475e-01
1.396802246667423697e+00
1.260073510670107755e+00
6.420395219202508219e-01
-2.212317420824693182e-01
-9.999999999999715783e-01
-1.396802246667433911e+00
-1.260073510670114638e+00
-6.420395219202643666e-01
2.212317420825337111e-01
9.999999999999608091e-01
1.396802246667431469e+00
1.260073510670085106e+00
6.420395219202780224e-01
-2.212317420825187231e-01
-1.000000000000006883e+00
-1.396802246667429248e+00
-1.260073510670091990e+00
-6.420395219202199577e-01
2.212317420825036240e-01
9.999999999999961142e-01
1.396802246667426584e+00
1.260073510670098873e+00
6.420395219202335024e-01
-2.212317420824885250e-01
-9.999999999999853451e-01
-1.396802246667424363e+00
-1.260073510670105978e+00
-6.420395219202471582e-01
2.212317420824735370e-01
9.999999999999745759e-01
1.396802246667434577e+00
1.260073510670112862e+00
6.420395219202608139e-01
-2.212317420825378189e-01
-9.999999999999636957e-01
-1.396802246667432357e+00
-1.260073510670083330e+00
-6.420395219202743586e-01
2.212317420825227199e-01
9.999999999999529265e-01
1.396802246667429692e+00
1.260073510670090213e+00
6.420395219202879034e-01
-2.212317420825076209e-01
-9.999999999999990008e-01
-1.396802246667427472e+00
-1.260073510670097097e+00
-6.420395219201582293e-01
2.212317420824926328e-01
9.999999999999882316e-01
1.396802246667425029e+00
1.260073510670103980e+00
6.420395219201718850e-01
-2.212317420824775338e-01
-9.999999999999774625e-01
-1.396802246667422587e+00
-1.260073510670110863e+00
-6.420395219201137094e-01
2.212317420824625458e-01
9.999999999999666933e-01
1.396802246667432801e+00
1.260073510670117747e+00
6.420395219201273651e-01
-2.212317420825268277e-01
-9.999999999999559241e-01
-1.396802246667430580e+00
-1.260073510670088215e+00
-6.420395219201409098e-01
2.212317420825118397e-01
1.000000000000001998e+00
1.396802246667427916e+00
1.260073510670095098e+00
6.420395219201544545e-01
-2.212317420824967407e-01
-9.999999999999912292e-01
-1.396802246667425695e+00
-1.260073510670101982e+00
-6.420395219201679993e-01
2.212317420824817527e-01
9.999999999999804601e-01
1.396802246667423253e+00
1.260073510670109087e+00
6.420395219201100456e-01
-2.212317420824666536e-01
-9.999999999999695799e-01
-1.396802246667433467e+00
-1.260073510670115970e+00
-6.420395219201235903e-01
2.212317420825310466e-01
9.999999999999588107e-01
1.396802246667431024e+00
1.260073510670086439e+00
6.420395219201371351e-01
-2.212317420825159475e-01
-9.999999999999480416e-01
-1.396802246667428804e+00
-1.260073510670093322e+00
-6.420395219200791814e-01
2.212317420824214675e-01
9.999999999999372724e-01
1.396802246667426362e+00
1.260073510670100205e+00
6.420395219200927261e-01
-2.212317420825651304e-01
-9.999999999999265032e-01
-1.396802246667423919e+00
-1.260073510670107311e+00
-6.420395219201063819e-01
2.212317420825501424e-01
1.000000000000029310e+00
1.396802246667421699e+00
1.260073510670114194e+00
6.420395219201199266e-01
-2.212317420825350434e-01
-1.000000000000018652e+00
-1.396802246667419034e+00
-1.260073510670121077e+00
-6.420395219201335824e-01
2.212317420825200553e-01
1.000000000000007772e+00
1.396802246667416814e+00
1.260073510670127961e+00
6.420395219201471271e-01
-2.212317420825049563e-01
-9.999999999999971134e-01
-1.396802246667439462e+00
-1.260073510670134844e+00
-6.420395219201606718e-01
2.212317420824899683e-01
9.999999999999862332e-01
1.396802246667437242e+00
1.260073510670068675e+00
6.420395219201742165e-01
-2.212317420824748693e-01
-9.999999999999754641e-01
-1.396802246667434577e+00
-1.260073510670075780e+00
-6.420395219201878723e-01
2.212317420824597702e-01
9.999999999999646949e-01
1.396802246667432357e+00
1.260073510670082664e+00
6.420395219202015280e-01
-2.212317420824447822e-01
-9.999999999999539257e-01
-1.396802246667429914e+00
-1.260073510670089547e+00
-6.420395219200718540e-01
2.212317420824296832e-01
9.999999999999431566e-01
1.396802246667427694e+00
1.260073510670096431e+00
6.420395219200853987e-01
-2.212317420825733461e-01
-9.999999999999323874e-01
-1.396802246667425251e+00
-1.260073510670103314e+00
-6.420395219200989434e-01
2.212317420825583580e-01
9.999999999999216183e-01
1.396802246667423031e+00
1.260073510670110419e+00
6.420395219201125991e-01
-2.212317420825432590e-01
-1.000000000000024425e+00
-1.396802246667420366e+00
-1.260073510670117303e+00
-6.420395219201261439e-01
2.212317420825282710e-01
1.000000000000013767e+00
1.396802246667418146e+00
1.260073510670124186e+00
6.420395219201397996e-01
-2.212317420825131720e-01
-1.000000000000002887e+00
-1.396802246667415703e+00
-1.260073510670131069e+00
-6.420395219201533443e-01
2.212317420824980729e-01
9.999999999999921174e-01
1.396802246667438574e+00
1.260073510670137953e+00
6.420395219201668890e-01
-2.212317420824830849e-01
-9.999999999999813483e-01
-1.396802246667435909e+00
-1.260073510670071784e+00
-6.420395219201804338e-01
2.212317420824679859e-01
9.999999999999705791e-01
1.396802246667433689e+00
1.260073510670078889e+00
6.420395219201940895e-01
-2.212317420824529979e-01
-9.999999999999598099e-01
-1.396802246667431247e+00
-1.260073510670085772e+00
-6.420395219202077453e-01
2.212317420824378988e-01
9.999999999999490408e-01
1.396802246667428804e+00
1.260073510670092656e+00
6.420395219200778492e-01
-2.212317420824229108e-01
-9.999999999999382716e-01
-1.396802246667426584e+00
-1.260073510670099539e+00
-6.420395219200915049e-01
2.212317420825665737e-01
9.999999999999275024e-01
1.396802246667424363e+00
1.260073510670106423e+00
6.420395219201051606e-01
-2.212317420825514747e-01
-1.000000000000030420e+00
-1.396802246667421699e+00
-1.260073510670113528e+00
-6.420395219201187054e-01
2.212317420825363756e-01
1.000000000000019540e+00
1.396802246667419478e+00
1.260073510670120411e+00
6.420395219201322501e-01
-2.212317420825213876e-01
-1.000000000000008882e+00
-1.396802246667417036e+00
-1.260073510670127295e+00
-6.420395219201457948e-01
2.212317420825062886e-01
9.999999999999980016e-01
1.396802246667439906e+00
1.260073510670134178e+00
6.420395219201594506e-01
-2.212317420824913006e-01
-9.999999999999872324e-01
-1.396802246667437242e+00
-1.260073510670068231e+00
-6.420395219201729953e-01
2.212317420824762015e-01
9.999999999999764633e-01
1.396802246667435021e+00
1.260073510670075114e+00
6.420395219201866510e-01
-2.212317420824612135e-01
-9.999999999999656941e-01
-1.396802246667432579e+00
-1.260073510670081998e+00
-6.420395219202001957e-01
2.212317420824461145e-01
9.999999999999549249e-01
1.396802246667430136e+00
1.260073510670088881e+00
6.420395219202137405e-01
-2.212317420824310155e-01
-9.999999999999441558e-01
-1.396802246667427916e+00
-1.260073510670095764e+00
-6.420395219200840664e-01
2.212317420824160275e-01
9.999999999999333866e-01
1.396802246667425251e+00
1.260073510670102870e+00
6.420395219200977222e-01
-2.212317420825598013e-01
-9.999999999999226175e-01
-1.396802246667423031e+00
-1.260073510670109753e+00
-6.420395219201113779e-01
2.212317420825447023e-01
1.000000000000025535e+00
1.396802246667420810e+00
1.260073510670116637e+00
6.420395219201249226e-01
-2.212317420825296033e-01
-1.000000000000014655e+00
-1.396802246667418368e+00
-1.260073510670123520e+00
-6.420395219201384673e-01
2.212317420825145042e-01
1.000000000000003997e+00
